272, 310
273, 311
273, 312
274, 313
274, 314
275, 315
275, 316
276, 317
277, 318
278, 319
278, 320
279, 321
280, 322
281, 322
282, 323
283, 324
284, 325
285, 325
286, 326
287, 326
288, 327
289, 327
290, 328
291, 328
292, 328
293, 329
294, 329
295, 329
296, 329
297, 329
298, 329
299, 329
300, 330
301, 329
302, 329
303, 329
304, 329
305, 329
306, 329
307, 329
308, 328
309, 328
310, 328
311, 327
312, 327
313, 326
314, 326
315, 325
316, 325
317, 324
318, 323
319, 322
320, 322
321, 321
322, 320
322, 319
323, 318
324, 317
325, 316
325, 315
325, 314
325, 315
324, 316
324, 317
323, 318
322, 319
321, 320
320, 321
319, 322
318, 323
317, 324
316, 324
315, 325
314, 326
313, 326
312, 327
311, 327
310, 328
309, 328
308, 328
307, 328
306, 329
305, 329
304, 329
303, 329
302, 329
301, 329
300, 329
299, 329
298, 329
297, 329
296, 329
295, 329
294, 329
293, 328
292, 328
291, 328
290, 328
289, 327
288, 327
287, 326
286, 325
285, 325
284, 324
283, 324
282, 323
281, 322
280, 321
279, 320
278, 319
277, 318
276, 317
276, 316
275, 315
275, 314
274, 313
273, 312
273, 311
